t0 t1 t2 i0 i1 i2 m0 m1 m2 r0 r1 r2 p0 p1 p2 
97.16856 0 0 0 0 0 359.9729 0 0 0 0 0 1.336346E-08 0 0.1840197 
97.16925 0.002426301 0.004868181 0.007459822 0.009747714 0.007728411 359.9803 0.009747711 0.007728435 0.007459758 0.009747727 0.007728415 0.007459752 0.009747718 0.1917481 
97.16925 0.002426301 0.004868181 0.007459822 0.009747714 0.007728411 359.9803 0.009747711 0.007728435 0.007459758 0.009747727 0.007728415 0.007459752 0.009747718 0.1917481 
97.16925 0.002426301 0.004868181 0.007459822 0.009747714 0.007728411 359.9803 0.009747711 0.007728435 0.007459758 0.009747727 0.007728415 0.007459752 0.009747718 0.1917481 
97.1737 0.01907145 0.03826673 0.0586421 0.07663358 0.0607541 0.0315211 0.07663357 0.06075434 0.05864169 0.07663373 0.06075413 0.0586416 0.07663364 0.2447738 
97.17534 0.02524896 0.05066184 0.07763704 0.1014561 0.08043313 0.05051592 0.1014561 0.08043346 0.0776365 0.1014563 0.08043317 0.07763633 0.1014562 0.2644529 
97.17723 0.03234567 0.06490123 0.09945788 0.1299714 0.10304 0.07233679 0.1299714 0.1030404 0.09945732 0.1299716 0.10304 0.09945713 0.1299715 0.2870598 
97.18037 0.04414802 0.08858222 0.1357469 0.1773926 0.1406359 0.1086258 0.1773926 0.1406365 0.1357462 0.1773929 0.1406361 0.1357459 0.1773927 0.3246558 
97.18279 0.05320342 0.1067514 0.163589 0.2137752 0.1694808 0.1364679 0.2137751 0.1694815 0.1635884 0.2137755 0.169481 0.1635881 0.2137753 0.3535007 
97.18683 0.06839368 0.1372296 0.2102925 0.2748036 0.2178664 0.1831715 0.2748035 0.2178672 0.2102919 0.2748041 0.2178666 0.2102915 0.2748038 0.4018863 
97.18974 0.07931145 0.1591351 0.2438592 0.3186648 0.2526417 0.2167382 0.3186646 0.2526427 0.2438584 0.3186653 0.2526419 0.243858 0.3186649 0.4366616 
97.19456 0.09743702 0.1955021 0.2995847 0.3914794 0.310374 0.2724637 0.3914792 0.3103752 0.299584 0.3914801 0.3103742 0.2995834 0.3914796 0.494394 
97.19804 0.1105112 0.2217338 0.3397793 0.4439991 0.3520158 0.3126583 0.443999 0.3520171 0.3397784 0.4439998 0.352016 0.3397779 0.4439994 0.5360358 
97.20172 0.1243938 0.2495873 0.382458 0.4997641 0.3962313 0.3553371 0.4997639 0.3962328 0.3824573 0.4997648 0.3962316 0.3824566 0.4997643 0.5802513 
97.20764 0.1467535 0.2944485 0.4511963 0.5895767 0.4674444 0.4240754 0.5895764 0.467446 0.4511954 0.5895776 0.4674447 0.4511947 0.589577 0.6514643 
97.21185 0.1625756 0.3261926 0.4998353 0.6531265 0.5178342 0.4727144 0.6531262 0.517836 0.4998343 0.6531276 0.5178347 0.4998335 0.653127 0.7018543 
97.21852 0.1878455 0.3768919 0.577516 0.7546197 0.5983116 0.5503953 0.7546192 0.5983137 0.5775151 0.7546207 0.598312 0.5775142 0.75462 0.7823318 
97.22328 0.2056693 0.4126514 0.6323056 0.8262029 0.6550734 0.6051849 0.8262026 0.6550756 0.6323048 0.8262039 0.6550739 0.6323037 0.8262033 0.8390936 
97.23077 0.23386 0.4692099 0.7189612 0.9394173 0.7448483 0.6918406 0.9394169 0.7448506 0.7189603 0.9394187 0.7448488 0.718959 0.9394178 0.9288684 
97.23599 0.2536176 0.5088484 0.7796921 1.018761 0.8077654 0.7525718 1.01876 0.8077679 0.7796916 1.018762 0.8077659 0.7796902 1.018761 0.9917856 
97.24426 0.2846892 0.5711854 0.8751986 1.143534 0.9067091 0.8480783 1.143534 0.9067119 0.8751979 1.143536 0.9067097 0.8751965 1.143535 1.090729 
97.25011 0.3066967 0.6153373 0.9428427 1.231906 0.976788 0.9157227 1.231905 0.9767908 0.9428421 1.231907 0.9767886 0.9428409 1.231907 1.160808 
97.256 0.3289899 0.6600622 1.011364 1.321422 1.047775 0.984244 1.321422 1.047778 1.011364 1.321424 1.047776 1.011362 1.321423 1.231796 
97.26526 0.3638225 0.7299434 1.118425 1.461285 1.158689 1.091305 1.461284 1.158692 1.118425 1.461287 1.15869 1.118423 1.461285 1.342709 
97.27171 0.3881202 0.778689 1.193105 1.558843 1.236056 1.165985 1.558843 1.236059 1.193104 1.558845 1.236057 1.193103 1.558844 1.420076 
97.28171 0.425959 0.8546001 1.309401 1.710767 1.356537 1.282281 1.710766 1.356541 1.309401 1.710768 1.356538 1.309399 1.710767 1.540557 
97.2887 0.4522558 0.9073557 1.390222 1.816346 1.440267 1.363103 1.816345 1.44027 1.390222 1.816348 1.440268 1.39022 1.816346 1.624287 
97.29943 0.4927032 0.9884989 1.514532 1.978732 1.569049 1.487412 1.978732 1.569053 1.514531 1.978735 1.56905 1.51453 1.978733 1.753069 
97.3069 0.5208321 1.044929 1.600982 2.091662 1.658609 1.573862 2.091661 1.658613 1.600981 2.091664 1.65861 1.600979 2.091662 1.842629 
97.31836 0.5639924 1.131514 1.733626 2.264932 1.796026 1.706506 2.264931 1.796029 1.733625 2.264935 1.796026 1.733623 2.264933 1.980046 
97.32623 0.5937681 1.191248 1.825134 2.384467 1.890826 1.798015 2.384467 1.89083 1.825134 2.38447 1.890827 1.825132 2.384468 2.074847 
97.33434 0.6242567 1.252412 1.918833 2.506862 1.987896 1.891713 2.506861 1.9879 1.918832 2.506864 1.987897 1.918831 2.506862 2.171916 
97.3468 0.6713199 1.346826 2.063468 2.695791 2.137734 2.036348 2.695791 2.137738 2.063468 2.695794 2.137735 2.063466 2.695792 2.321754 
97.3554 0.7035944 1.411571 2.162653 2.825351 2.240487 2.135533 2.825351 2.240492 2.162653 2.825354 2.240489 2.162651 2.825352 2.424508 
97.36868 0.7537385 1.512165 2.316754 3.026644 2.400133 2.289635 3.026643 2.400136 2.316754 3.026646 2.400134 2.316751 3.026644 2.584152 
97.37757 0.7872699 1.579433 2.419801 3.161247 2.506886 2.392681 3.161246 2.506891 2.419801 3.16125 2.506888 2.419798 3.161247 2.690906 
97.39143 0.8395604 1.684332 2.580497 3.371151 2.673363 2.553377 3.371151 2.673367 2.580497 3.371155 2.673364 2.580495 3.371152 2.857383 
97.40092 0.875277 1.755983 2.690258 3.514525 2.787073 2.663139 3.514524 2.787077 2.690258 3.514528 2.787075 2.690256 3.514525 2.971093 
97.41055 0.9116744 1.828999 2.802111 3.66063 2.90295 2.774992 3.660629 2.902954 2.802112 3.660633 2.902952 2.802109 3.660631 3.08697 
97.42544 0.9677571 1.941506 2.974461 3.885756 3.081499 2.947341 3.885757 3.081503 2.97446 3.88576 3.081501 2.974459 3.885758 3.26552 
97.43549 1.005618 2.017458 3.090811 4.037735 3.202035 3.063692 4.037736 3.202039 3.090811 4.037738 3.202037 3.09081 4.037737 3.386056 
97.45097 1.063988 2.134555 3.270192 4.272048 3.38787 3.243072 4.272048 3.387873 3.270192 4.272051 3.387871 3.270191 4.272048 3.571889 
97.4615 1.103729 2.214277 3.392319 4.431574 3.51439 3.3652 4.431575 3.514393 3.392319 4.431576 3.514392 3.392319 4.431574 3.69841 
97.47765 1.164569 2.33633 3.579293 4.675805 3.708091 3.552174 4.675806 3.708092 3.579293 4.675808 3.708092 3.579292 4.675806 3.892111 
97.48868 1.206183 2.419811 3.707181 4.842855 3.840578 3.680061 4.842856 3.84058 3.707181 4.842859 3.840581 3.70718 4.842857 4.024599 
97.50539 1.26922 2.54627 3.900906 5.09591 4.041273 3.873787 5.09591 4.041276 3.900906 5.095912 4.041275 3.900906 5.09591 4.225293 
97.51682 1.312206 2.632505 4.033012 5.268474 4.178132 4.005893 5.268476 4.178134 4.033012 5.268477 4.178134 4.033012 5.268475 4.362152 
97.52837 1.355829 2.720018 4.167078 5.443599 4.317021 4.139959 5.443601 4.317023 4.167078 5.443603 4.317023 4.167078 5.4436 4.501041 
97.54607 1.422451 2.85367 4.371827 5.711057 4.529137 4.344706 5.711059 4.529137 4.371826 5.711061 4.529138 4.371826 5.711058 4.713156 
97.55804 1.46765 2.944345 4.51074 5.892518 4.673047 4.48362 5.892519 4.673048 4.51074 5.892521 4.673048 4.51074 5.892519 4.857067 
97.57637 1.536699 3.082867 4.722951 6.169732 4.892896 4.695833 6.169734 4.892895 4.722952 6.169735 4.892897 4.722952 6.169733 5.076915 
97.58873 1.583369 3.176496 4.866391 6.357111 5.041496 4.839271 6.357111 5.041496 4.866392 6.357111 5.041495 4.866391 6.357111 5.225516 
97.6077 1.65485 3.3199 5.086092 6.644119 5.269102 5.058971 6.644119 5.269102 5.086092 6.644119 5.269101 5.086092 6.644119 5.453122 
97.62048 1.702994 3.416488 5.234073 6.837441 5.422409 5.206951 6.837441 5.422408 5.234073 6.837442 5.422408 5.234073 6.837441 5.606428 
97.63345 1.751834 3.514471 5.384195 7.033566 5.577932 5.357073 7.033566 5.577932 5.384194 7.033566 5.577932 5.384194 7.033565 5.761952 
97.65311 1.826001 3.663269 5.612174 7.331412 5.814119 5.585052 7.331414 5.814116 5.612173 7.331414 5.814118 5.612174 7.331413 5.998138 
97.66647 1.876263 3.764109 5.766677 7.533272 5.974184 5.739555 7.533273 5.974181 5.766677 7.533271 5.974182 5.766677 7.533272 6.158202 
97.68697 1.953517 3.919104 6.004158 7.843544 6.220212 5.977036 7.843545 6.22021 6.004157 7.843544 6.220212 6.004158 7.843544 6.404232 
97.70048 2.00439 4.021172 6.160545 8.047869 6.38223 6.133423 8.047871 6.382227 6.160545 8.047871 6.382228 6.160546 8.047869 6.566248 
97.72131 2.082939 4.178763 6.40201 8.363354 6.632387 6.374888 8.363355 6.632385 6.402009 8.363353 6.632385 6.402011 8.363354 6.816407 
97.73537 2.13599 4.285202 6.565097 8.576435 6.801345 6.537974 8.576435 6.801342 6.565095 8.576435 6.801343 6.565098 8.576434 6.985363 
97.75677 2.216586 4.446901 6.812857 8.900146 7.058024 6.785733 8.900148 7.058021 6.812855 8.900147 7.058022 6.812856 8.900148 7.242043 
97.77121 2.270987 4.556047 6.980092 9.118649 7.23128 6.952968 9.11865 7.231277 6.98009 9.118649 7.231277 6.980092 9.118649 7.415298 
97.7859 2.326306 4.667037 7.150151 9.34084 7.407461 7.123027 9.340841 7.407459 7.150148 9.340839 7.407458 7.150151 9.340841 7.591479 
97.80791 2.409306 4.83356 7.405301 9.674206 7.671795 7.378176 9.674207 7.671793 7.405298 9.674206 7.671793 7.405301 9.674206 7.855814 
97.82285 2.465547 4.946396 7.57819 9.900091 7.850908 7.551064 9.900093 7.850905 7.578186 9.900093 7.850905 7.57819 9.900093 8.034927 
97.8455 2.550872 5.117583 7.840482 10.24279 8.122643 7.813356 10.24279 8.122641 7.840478 10.24279 8.122642 7.840481 10.24279 8.306662 
97.86076 2.608391 5.232983 8.017296 10.4738 8.305821 7.990171 10.4738 8.305819 8.017291 10.4738 8.30582 8.017298 10.4738 8.489839 
97.8839 2.695611 5.40797 8.285406 10.82409 8.583583 8.258282 10.82409 8.583581 8.285403 10.82409 8.583581 8.285406 10.82409 8.767601 
97.89952 2.754379 5.525875 8.466055 11.0601 8.770734 8.438929 11.0601 8.770731 8.46605 11.0601 8.770731 8.466056 11.0601 8.954751 
97.91521 2.813636 5.644761 8.648207 11.29808 8.959441 8.621079 11.29808 8.959438 8.648199 11.29808 8.959437 8.648206 11.29808 9.143458 
97.93906 2.903433 5.824915 8.924225 11.65868 9.245395 8.897099 11.65868 9.245392 8.924219 11.65868 9.245391 8.924224 11.65869 9.429412 
97.95514 2.963979 5.946385 9.110329 11.90182 9.438196 9.083202 11.90182 9.438193 9.110323 11.90182 9.438193 9.110329 11.90182 9.622212 
97.97949 3.055698 6.130393 9.392246 12.27012 9.730258 9.365117 12.27012 9.730258 9.39224 12.27012 9.730258 9.392245 12.27012 9.914275 
97.99579 3.117122 6.253623 9.581043 12.51677 9.925851 9.553917 12.51677 9.92585 9.581036 12.51676 9.925848 9.581042 12.51677 10.10987 
98.02088 3.211744 6.443452 9.871868 12.89669 10.22714 9.844741 12.89669 10.22714 9.871861 12.89669 10.22714 9.871869 12.8967 10.41116 
98.03721 3.273237 6.566819 10.06087 13.1436 10.42294 10.03374 13.1436 10.42294 10.06086 13.1436 10.42294 10.06087 13.1436 10.60696 
98.06282 3.369725 6.760391 10.35742 13.531 10.73017 10.33029 13.531 10.73017 10.35742 13.531 10.73016 10.35742 13.531 10.91418 
98.07943 3.432306 6.885936 10.54976 13.78224 10.92942 10.52263 13.78224 10.92942 10.54975 13.78224 10.92942 10.54976 13.78224 11.11344 
98.09653 3.496707 7.015133 10.74768 14.04079 11.13447 10.72056 14.04079 11.13447 10.74767 14.04079 11.13447 10.74768 14.04079 11.31848 
98.12244 3.594333 7.210981 11.04771 14.43272 11.44529 11.02058 14.43271 11.44529 11.0477 14.43272 11.44529 11.04771 14.43272 11.62931 
98.13966 3.659252 7.341216 11.24722 14.69333 11.65198 11.22009 14.69332 11.65198 11.24722 14.69333 11.65198 11.24722 14.69333 11.836 
98.16592 3.758166 7.539649 11.5512 15.0904 11.9669 11.52407 15.0904 11.9669 11.5512 15.0904 11.96689 11.5512 15.0904 12.15091 
98.18382 3.825654 7.675033 11.7586 15.36131 12.18175 11.73147 15.36131 12.18176 11.75859 15.3613 12.18175 11.7586 15.36131 12.36577 
98.21023 3.92509 7.874511 12.06417 15.76045 12.49832 12.03704 15.76044 12.49832 12.06417 15.76044 12.49832 12.06417 15.76044 12.68234 
98.22813 3.992568 8.009875 12.27153 16.0313 12.71314 12.2444 16.0313 12.71314 12.27153 16.0313 12.71314 12.27153 16.0313 12.89715 
98.25518 4.09453 8.214417 12.58486 16.44056 13.03774 12.55773 16.44056 13.03773 12.58485 16.44056 13.03773 12.58486 16.44056 13.22175 
98.27339 4.163123 8.352016 12.79564 16.71588 13.2561 12.76851 16.71588 13.2561 12.79564 16.71588 13.2561 12.79564 16.71588 13.44012 
98.29188 4.23279 8.491773 13.00972 16.9955 13.47788 12.9826 16.9955 13.47788 13.00972 16.9955 13.47788 13.00972 16.9955 13.6619 
98.31924 4.335828 8.698473 13.32635 17.40907 13.8059 13.29922 17.40906 13.8059 13.32635 17.40907 13.8059 13.32635 17.40907 13.98992 
98.3381 4.406951 8.841147 13.5449 17.69453 14.03231 13.51778 17.69452 14.03231 13.5449 17.69452 14.03231 13.54491 17.69453 14.21633 
98.36581 4.511417 9.050707 13.86591 18.11381 14.36487 13.83878 18.1138 14.36486 13.86591 18.11381 14.36486 13.86591 18.11381 14.54888 
98.38461 4.582236 9.192775 14.08353 18.39805 14.59031 14.0564 18.39805 14.59031 14.08352 18.39805 14.59031 14.08353 18.39805 14.77433 
98.41303 4.689314 9.407577 14.41257 18.82782 14.93119 14.38544 18.82782 14.93119 14.41256 18.82782 14.93118 14.41257 18.82782 15.1152 
98.43179 4.760032 9.54944 14.62988 19.11166 15.15632 14.60276 19.11166 15.15631 14.62988 19.11166 15.15631 14.62988 19.11166 15.34033 
98.45089 4.83197 9.69375 14.85094 19.4004 15.38533 14.82381 19.4004 15.38532 14.85093 19.4004 15.38532 14.85094 19.4004 15.56934 
98.4744 4.920618 9.871584 15.12335 19.75622 15.66753 15.09623 19.75622 15.66753 15.12335 19.75622 15.66753 15.12335 19.75622 15.85155 
98.50336 5.029776 10.09056 15.4588 20.19437 16.01505 15.43167 20.19437 16.01504 15.45879 20.19437 16.01504 15.4588 20.19437 16.19906 
98.52276 5.102959 10.23737 15.68369 20.48814 16.24804 15.65657 20.48813 16.24804 15.68369 20.48814 16.24803 15.6837 20.48814 16.43205 
98.55206 5.213336 10.4588 16.0229 20.93122 16.59945 15.99577 20.93122 16.59944 16.02289 20.93122 16.59945 16.0229 20.93122 16.78346 
98.5717 5.287316 10.60721 16.25026 21.22821 16.83499 16.22314 21.22821 16.83498 16.25026 21.22821 16.83498 16.25026 21.22821 17.019 
98.60128 5.39887 10.83101 16.5931 21.67607 17.19017 16.56598 21.67607 17.19016 16.5931 21.67607 17.19017 16.59311 21.67607 17.37418 
98.62112 5.47362 10.98097 16.82285 21.97619 17.42817 16.79572 21.97619 17.42817 16.82285 21.97619 17.42817 16.82285 21.97619 17.61219 
98.65101 5.586305 11.20704 17.16918 22.42862 17.78697 17.14206 22.42862 17.78697 17.16918 22.42862 17.78697 17.16918 22.42862 17.97099 
98.67103 5.661794 11.35848 17.4012 22.73172 18.02734 17.37408 22.73172 18.02734 17.4012 22.73172 18.02734 17.4012 22.73172 18.21136 
98.69115 5.737572 11.51051 17.63411 23.03598 18.26863 17.60699 23.03599 18.26863 17.63411 23.03599 18.26863 17.63411 23.03598 18.45265 
98.7216 5.85237 11.74081 17.98695 23.49693 18.63417 17.95983 23.49693 18.63416 17.98695 23.49693 18.63416 17.98695 23.49693 18.81819 
98.74178 5.928548 11.89364 18.22109 23.80281 18.87674 18.19397 23.80281 18.87673 18.22109 23.80281 18.87674 18.22109 23.80281 19.06076 
98.7723 6.043454 12.12417 18.57428 24.2642 19.24263 18.54716 24.2642 19.24263 18.57428 24.26421 19.24263 18.57427 24.26421 19.42665 
98.79277 6.120597 12.27894 18.81139 24.57396 19.48827 18.78427 24.57396 19.48827 18.81139 24.57397 19.48827 18.81138 24.57397 19.6723 
98.82366 6.237056 12.51258 19.16934 25.0416 19.85911 19.14223 25.0416 19.85911 19.16934 25.0416 19.85911 19.16934 25.0416 20.04313 
98.84457 6.315897 12.67075 19.41167 25.35819 20.11017 19.38456 25.35819 20.11016 19.41168 25.35819 20.11016 19.41167 25.35819 20.29419 
98.86525 6.393807 12.82706 19.65115 25.67104 20.35826 19.62403 25.67104 20.35826 19.65115 25.67104 20.35826 19.65115 25.67105 20.54228 
98.8961 6.510094 13.06035 20.00858 26.13799 20.72855 19.98146 26.13799 20.72855 20.00858 26.138 20.72855 20.00858 26.138 20.91258 
98.91697 6.588714 13.21809 20.25024 26.4537 20.9789 20.22312 26.4537 20.9789 20.25024 26.4537 20.9789 20.25024 26.45371 21.16293 
98.94859 6.707854 13.45711 20.61644 26.93211 21.35828 20.58932 26.93211 21.35828 20.61644 26.93212 21.35828 20.61644 26.93212 21.54231 
98.96941 6.786268 13.61442 20.85746 27.24698 21.60798 20.83034 27.24698 21.60798 20.85746 27.24699 21.60798 20.85746 27.24699 21.79201 
99.0014 6.90695 13.85654 21.2284 27.73159 21.99227 21.20128 27.73158 21.99227 21.2284 27.73159 21.99227 21.2284 27.7316 22.1763 
99.02219 6.985183 14.01349 21.46887 28.04574 22.24139 21.44175 28.04573 22.24139 21.46887 28.04574 22.24139 21.46887 28.04574 22.42542 
99.05402 7.105156 14.25418 21.83763 28.52749 22.62342 21.81051 28.52748 22.62342 21.83763 28.5275 22.62342 21.83763 28.5275 22.80745 
99.07563 7.186664 14.4177 22.08816 28.85478 22.88297 22.06104 28.85478 22.88296 22.08816 28.85479 22.88297 22.08816 28.8548 23.067 
99.09663 7.265812 14.57649 22.33144 29.1726 23.135 22.30432 29.1726 23.13499 22.33144 29.17261 23.13499 22.33143 29.17261 23.31903 
99.12933 7.389064 14.82376 22.71027 29.66751 23.52746 22.68315 29.6675 23.52746 22.71027 29.66751 23.52746 22.71026 29.66752 23.7115 
99.15022 7.467696 14.98151 22.95196 29.98324 23.77785 22.92483 29.98324 23.77784 22.95195 29.98325 23.77784 22.95195 29.98326 23.96188 
99.18255 7.589537 15.22595 23.32644 30.47246 24.16581 23.29932 30.47246 24.16581 23.32644 30.47247 24.16581 23.32644 30.47248 24.34985 
99.20409 7.670687 15.38875 23.57587 30.7983 24.4242 23.54874 30.7983 24.4242 23.57586 30.79831 24.4242 23.57586 30.79832 24.60824 
99.23673 7.793726 15.63559 23.95404 31.29233 24.81598 23.92691 31.29232 24.81598 23.95403 31.29235 24.81598 23.95403 31.29235 25.00002 
99.25842 7.875419 15.79948 24.20512 31.62033 25.07609 24.178 31.62033 25.07609 24.20511 31.62034 25.07609 24.20511 31.62034 25.26014 
99.27998 7.956596 15.96233 24.45462 31.94627 25.33457 24.42749 31.94626 25.33457 24.45461 31.94627 25.33457 24.45461 31.94628 25.51861 
99.31271 8.08 16.20991 24.83391 32.44173 25.7275 24.80678 32.44173 25.7275 24.83389 32.44175 25.7275 24.83389 32.44175 25.91154 
99.33448 8.16208 16.37457 25.08616 32.77127 25.98884 25.05903 32.77127 25.98884 25.08615 32.77128 25.98883 25.08615 32.77129 26.17288 
99.36726 8.285568 16.62231 25.4657 33.26707 26.38203 25.43857 33.26706 26.38203 25.46569 33.26707 26.38203 25.46569 33.26708 26.56607 
99.38918 8.368148 16.78798 25.7195 33.59861 26.64496 25.69237 33.59859 26.64496 25.71949 33.59861 26.64495 25.71949 33.59862 26.829 
99.42216 8.492416 17.03727 26.10141 34.0975 27.04062 26.07429 34.09749 27.04062 26.1014 34.09751 27.04061 26.1014 34.09752 27.22466 
99.44412 8.575134 17.20321 26.35563 34.42957 27.30398 26.3285 34.42958 27.30398 26.35562 34.42959 27.30398 26.35562 34.42959 27.48803 
99.47723 8.699953 17.45362 26.73924 34.93068 27.70139 26.71211 34.93067 27.70139 26.73923 34.93068 27.70138 26.73923 34.93069 27.88543 
99.49923 8.782824 17.61986 26.99392 35.26336 27.96523 26.96678 35.26335 27.96523 26.9939 35.26337 27.96523 26.99391 35.26337 28.14928 
99.52132 8.866081 17.78689 27.24979 35.59759 28.2303 27.22265 35.59758 28.2303 27.24978 35.5976 28.2303 27.24977 35.5976 28.41435 
99.55459 8.991422 18.03834 27.63499 36.10077 28.62936 27.60786 36.10075 28.62936 27.63498 36.10077 28.62936 27.63498 36.10077 28.81341 
99.57669 9.074634 18.20527 27.89071 36.4348 28.89429 27.86358 36.43479 28.89429 27.8907 36.4348 28.89428 27.8907 36.43481 29.07833 
99.60998 9.200106 18.45698 28.27631 36.93847 29.29376 28.24917 36.93847 29.29376 28.27629 36.93848 29.29376 28.27629 36.93849 29.4778 
99.63217 9.283715 18.6247 28.53325 37.27412 29.55995 28.50612 37.2741 29.55995 28.53324 37.27412 29.55994 28.53325 37.27412 29.74399 
99.66553 9.409385 18.87681 28.91946 37.77858 29.96004 28.89233 37.77856 29.96004 28.91944 37.77859 29.96004 28.91945 37.77859 30.14409 
99.68793 9.493784 19.04612 29.17882 38.11737 30.22874 29.15169 38.11736 30.22874 29.17881 38.11737 30.22873 29.17881 38.11738 30.41278 
99.72119 9.619156 19.29763 29.56411 38.62064 30.62789 29.53698 38.62063 30.62789 29.56409 38.62065 30.62788 29.5641 38.62065 30.81193 
99.74349 9.703162 19.46615 29.82227 38.95785 30.89534 29.79514 38.95784 30.89533 29.82225 38.95786 30.89533 29.82226 38.95786 31.07937 
99.76581 9.787216 19.63477 30.08058 39.29527 31.16294 30.05345 39.29526 31.16294 30.08057 39.29527 31.16294 30.08057 39.29528 31.34698 
99.79935 9.913675 19.88846 30.4692 39.80291 31.56555 30.44208 39.8029 31.56555 30.46919 39.80291 31.56555 30.4692 39.80291 31.74958 
99.8216 9.997533 20.0567 30.72691 40.13954 31.83253 30.69979 40.13953 31.83253 30.72691 40.13955 31.83253 30.72691 40.13954 32.01657 
99.85513 10.12383 20.31005 31.11503 40.64653 32.23462 31.08791 40.64651 32.23461 31.11503 40.64653 32.23462 31.11503 40.64653 32.41865 
99.87772 10.20892 20.48075 31.37653 40.98812 32.50553 31.34941 40.98811 32.50553 31.37653 40.98811 32.50553 31.37653 40.98812 32.68956 
99.91103 10.33443 20.73254 31.76227 41.492 32.90514 31.73514 41.49198 32.90514 31.76226 41.49199 32.90514 31.76226 41.49199 33.08918 
99.9334 10.41869 20.90159 32.02125 41.83031 33.17345 31.99413 41.8303 33.17344 32.02125 41.83031 33.17344 32.02124 41.8303 33.35748 
99.95574 10.50297 21.07067 32.28027 42.16866 33.44178 32.25314 42.16866 33.44178 32.28026 42.16866 33.44178 32.28026 42.16866 33.62581 
99.98948 10.63004 21.3256 32.67081 42.67884 33.84639 32.64369 42.67884 33.84639 32.67081 42.67884 33.84639 32.67081 42.67884 34.03041 
100.0117 10.71366 21.49335 32.9278 43.01455 34.11263 32.90068 43.01455 34.11262 32.9278 43.01455 34.11263 32.9278 43.01455 34.29665 
100.0454 10.84059 21.74797 33.31787 43.52409 34.51674 33.29076 43.52409 34.51673 33.31788 43.52409 34.51674 33.31787 43.52409 34.70076 
100.0682 10.92656 21.92045 33.58209 43.86924 34.79047 33.55497 43.86924 34.79046 33.5821 43.86924 34.79046 33.5821 43.86924 34.97449 
100.1011 11.05063 22.16934 33.96338 44.36731 35.18548 33.93626 44.36731 35.18547 33.96339 44.3673 35.18548 33.96339 44.36729 35.36949 
100.1234 11.13481 22.33823 34.22209 44.70525 35.45351 34.19498 44.70525 35.4535 34.22211 44.70524 35.4535 34.22211 44.70525 35.63752 
100.1569 11.26103 22.59144 34.60999 45.21193 35.85535 34.58287 45.21194 35.85535 34.61 45.21192 35.85535 34.61 45.21192 36.03936 
100.1792 11.34513 22.76014 34.86842 45.54951 36.1231 34.84131 45.54952 36.12308 34.86844 45.5495 36.1231 34.86844 45.5495 36.3071 
100.2017 11.42957 22.92954 35.12793 45.88849 36.39194 35.10082 45.88849 36.39193 35.12794 45.88848 36.39193 35.12794 45.88848 36.57594 
100.235 11.55516 23.1815 35.51391 46.39266 36.7918 35.4868 46.39267 36.79179 35.51392 46.39265 36.79179 35.51392 46.39264 36.9758 
100.2574 11.63947 23.35063 35.77301 46.73111 37.06022 35.7459 46.73111 37.06021 35.77303 46.73109 37.06022 35.77303 46.73109 37.24422 
100.2906 11.76485 23.60215 36.15831 47.23441 37.45939 36.1312 47.23441 37.45938 36.15833 47.23439 37.45939 36.15833 47.23439 37.64339 
100.3154 11.8582 23.78941 36.44519 47.60913 37.75659 36.41808 47.60914 37.75657 36.4452 47.60912 37.75658 36.44521 47.60912 37.94059 
100.3376 11.94188 23.95729 36.70236 47.94506 38.02301 36.67525 47.94507 38.02299 36.70238 47.94504 38.02301 36.70237 47.94504 38.207 
100.3709 12.06725 24.20879 37.08764 48.44834 38.42216 37.06054 48.44835 38.42215 37.08766 48.44832 38.42215 37.08766 48.44833 38.60615 
100.393 12.15072 24.37625 37.34418 48.78345 38.68793 37.31709 48.78345 38.68791 37.3442 48.78343 38.68793 37.34421 48.78343 38.87193 
100.4265 12.27685 24.62928 37.73182 49.2898 39.08951 37.70471 49.2898 39.08949 37.73183 49.28977 39.0895 37.73184 49.28978 39.2735 
100.4483 12.359 24.79409 37.9843 49.61961 39.35108 37.95719 49.61961 39.35106 37.98431 49.61958 39.35106 37.98433 49.61958 39.53507 
100.4815 12.48412 25.04509 38.36884 50.12192 39.74945 38.34172 50.12192 39.74943 38.36885 50.12189 39.74944 38.36886 50.1219 39.93344 
100.5036 12.56754 25.21245 38.62522 50.45684 40.01506 38.59811 50.45683 40.01504 38.62524 50.45681 40.01505 38.62524 50.45681 40.19905 
100.5256 12.65034 25.37856 38.8797 50.78927 40.27869 38.8526 50.78926 40.27869 38.87971 50.78923 40.27869 38.87973 50.78924 40.46269 
100.5583 12.77357 25.62578 39.25843 51.28402 40.67105 39.23133 51.28401 40.67104 39.25845 51.28398 40.67104 39.25846 51.28399 40.85505 
100.5802 12.85613 25.7914 39.51217 51.61547 40.93393 39.48507 51.61547 40.93391 39.51219 51.61544 40.93391 39.5122 51.61545 41.11791 
100.613 12.97972 26.03934 39.89202 52.11168 41.32743 39.86491 52.11167 41.32742 39.89203 52.11163 41.32742 39.89204 52.11164 41.51143 
100.6348 13.06194 26.20429 40.14473 52.4418 41.58923 40.11761 52.44179 41.58922 40.14474 52.44176 41.58922 40.14476 52.44177 41.77323 
100.6675 13.185 26.45118 40.52297 52.9359 41.98108 40.49586 52.9359 41.98108 40.52298 52.93587 41.98107 40.52299 52.93587 42.16507 
100.6892 13.26686 26.6154 40.77456 53.26458 42.24173 40.74745 53.26457 42.24172 40.77457 53.26453 42.24171 40.77459 53.26455 42.42572 
100.7217 13.38935 26.86114 41.15105 53.7564 42.63177 41.12394 53.7564 42.63176 41.15106 53.75637 42.63175 41.15108 53.75638 42.81576 
100.7433 13.47081 27.02457 41.40143 54.08349 42.89115 41.37432 54.08348 42.89114 41.40144 54.08345 42.89114 41.40145 54.08346 43.07515 
100.7649 13.55211 27.18766 41.65129 54.40992 43.15001 41.62419 54.4099 43.15001 41.6513 54.40989 43.15 41.65133 54.4099 43.33401 
100.7972 13.67373 27.43166 42.02511 54.89827 43.53728 41.998 54.89825 43.53727 42.02512 54.89823 43.53727 42.02514 54.89824 43.72128 
100.8186 13.75459 27.59387 42.27364 55.22294 43.79475 42.24653 55.22292 43.79474 42.27365 55.2229 43.79474 42.27367 55.22292 43.97875 
100.8507 13.87553 27.83651 42.64538 55.70858 44.17987 42.61827 55.70856 44.17986 42.64539 55.70854 44.17985 42.6454 55.70855 44.36386 
100.872 13.95592 27.9978 42.89249 56.0314 44.43586 42.86538 56.03138 44.43586 42.89249 56.03136 44.43585 42.89251 56.03137 44.61986 
100.904 14.07614 28.23898 43.26199 56.51412 44.81866 43.23487 56.5141 44.81866 43.26199 56.51408 44.81865 43.26201 56.51408 45.00266 
100.9254 14.1571 28.40141 43.51085 56.83924 45.07648 43.48374 56.83922 45.07648 43.51086 56.8392 45.07646 43.51088 56.83921 45.26049 
100.9463 14.23572 28.55914 43.75251 57.15493 45.32682 43.72539 57.15491 45.32681 43.7525 57.15489 45.32681 43.75252 57.1549 45.51082 
100.9779 14.35485 28.79813 44.11867 57.63329 45.70616 44.09155 57.63327 45.70616 44.11867 57.63325 45.70615 44.11869 57.63326 45.89016 
100.9989 14.434 28.95693 44.36194 57.9511 45.95819 44.33483 57.95108 45.95819 44.36194 57.95107 45.95818 44.36196 57.95108 46.1422 
101.0303 14.55231 29.19426 44.72557 58.42616 46.3349 44.69845 58.42614 46.3349 44.72557 58.42611 46.33489 44.72559 58.42613 46.51891 
101.0512 14.63119 29.35254 44.96805 58.74293 46.58611 44.94093 58.74292 46.58611 44.96805 58.74289 46.5861 44.96806 58.74291 46.77012 
101.0827 14.7496 29.59009 45.33199 59.21838 46.96314 45.30486 59.21836 46.96314 45.33199 59.21835 46.96313 45.332 59.21836 47.14715 
101.103 14.8263 29.74395 45.56772 59.52634 47.20736 45.5406 59.52633 47.20736 45.56772 59.52631 47.20734 45.56773 59.52633 47.39137 
101.1339 14.9428 29.9777 45.92583 59.99417 47.57835 45.8987 59.99416 47.57834 45.92583 59.99415 47.57834 45.92583 59.99416 47.76237 
101.1545 15.02016 30.13288 46.16358 60.30476 47.82465 46.13645 60.30475 47.82465 46.16357 60.30474 47.82464 46.16359 60.30476 48.00867 
101.1754 15.0991 30.29125 46.40622 60.62175 48.07602 46.37909 60.62174 48.07602 46.40621 60.62173 48.07601 46.40622 60.62174 48.26003 
101.2056 15.21276 30.51927 46.75554 61.0781 48.4379 46.72841 61.07809 48.43791 46.75553 61.07809 48.4379 46.75554 61.07809 48.62193 
101.2261 15.2902 30.67462 46.99355 61.38903 48.68449 46.96642 61.38902 48.68448 46.99355 61.38902 48.68447 46.99355 61.38902 48.8685 
101.2561 15.40295 30.90081 47.34006 61.84172 49.04346 47.31293 61.8417 49.04347 47.34005 61.84169 49.04346 47.34006 61.8417 49.22749 
101.2762 15.47871 31.05281 47.57292 62.1459 49.28469 47.5458 62.14589 49.2847 47.57291 62.1459 49.28469 47.57292 62.1459 49.46872 
101.3062 15.59172 31.27952 47.92023 62.59962 49.64451 47.8931 62.59962 49.64452 47.92023 62.59961 49.64451 47.92023 62.59962 49.82854 
101.326 15.66672 31.42998 48.15072 62.90069 49.88329 48.12359 62.9007 49.88329 48.15071 62.9007 49.88329 48.15071 62.9007 50.06731 
101.3459 15.74142 31.57983 48.38028 63.20056 50.1211 48.35315 63.20057 50.12111 48.38028 63.20057 50.12111 48.38027 63.20058 50.30513 
101.3755 15.85293 31.80352 48.72295 63.64818 50.47611 48.69582 63.64819 50.4761 48.72295 63.6482 50.47611 48.72294 63.6482 50.66013 
101.3951 15.9269 31.95193 48.95028 63.94512 50.7116 48.92315 63.94513 50.71161 48.95027 63.94514 50.71161 48.95026 63.94513 50.89563 
101.4246 16.03796 32.17471 49.29155 64.39089 51.06516 49.26443 64.39091 51.06516 49.29155 64.39091 51.06517 49.29154 64.39091 51.24918 
101.4438 16.11025 32.31974 49.51371 64.68107 51.2953 49.48658 64.68108 51.29531 49.51371 64.68109 51.29531 49.51369 64.68108 51.47933 
101.4729 16.22006 32.54002 49.85114 65.1218 51.64486 49.82401 65.12182 51.64487 49.85113 65.12183 51.64489 49.85112 65.12182 51.8289 
101.4921 16.29241 32.68516 50.07346 65.41219 51.87518 50.04633 65.41219 51.87519 50.07346 65.41222 51.87519 50.07344 65.41221 52.05922 
101.5205 16.39939 32.89976 50.40219 65.84156 52.21574 50.37506 65.84156 52.21574 50.40219 65.84159 52.21575 50.40218 65.84158 52.39977 
101.5395 16.47083 33.04306 50.62169 66.12826 52.44313 50.59456 66.12827 52.44314 50.62169 66.12828 52.44315 50.62167 66.12828 52.62716 
101.5586 16.54284 33.18751 50.84297 66.41727 52.67237 50.81584 66.41729 52.67238 50.84296 66.4173 52.67238 50.84295 66.4173 52.8564 
101.5864 16.64786 33.39819 51.16568 66.83878 53.00668 51.13855 66.83879 53.00669 51.16568 66.83881 53.00671 51.16565 66.83881 53.19071 
101.6051 16.71804 33.53897 51.38134 67.12046 53.2301 51.35421 67.12046 53.23011 51.38133 67.1205 53.23012 51.38132 67.12049 53.41413 
101.6328 16.82262 33.74875 51.70269 67.54019 53.56301 51.67555 67.54019 53.56301 51.70267 67.54021 53.56302 51.70266 67.54021 53.74703 
101.6514 16.89271 33.88936 51.91808 67.82153 53.78615 51.89095 67.82154 53.78616 51.91807 67.82156 53.78616 51.91806 67.82156 53.97017 
101.6787 16.99555 34.09566 52.23409 68.2343 54.11353 52.20697 68.2343 54.11354 52.23409 68.23434 54.11354 52.23407 68.23433 54.29755 
101.6967 17.06331 34.23159 52.44232 68.50627 54.32924 52.41519 68.50628 54.32924 52.44231 68.50631 54.32926 52.44229 68.5063 54.51327 
101.7147 17.1312 34.36778 52.65096 68.77879 54.54539 52.62382 68.7788 54.54539 52.65094 68.77882 54.54539 52.65093 68.77882 54.72941 
101.7415 17.2323 34.57059 52.96162 69.18459 54.86723 52.93449 69.18459 54.86724 52.96161 69.18462 54.86724 52.96159 69.18462 55.05125 
101.7596 17.30056 34.70753 53.1714 69.45861 55.08456 53.14426 69.45862 55.08457 53.17139 69.45865 55.08457 53.17138 69.45863 55.26858 
101.7857 17.39876 34.90452 53.47318 69.85281 55.3972 53.44605 69.85281 55.3972 53.47317 69.85284 55.39721 53.47316 69.85284 55.58121 
101.8034 17.46517 35.03774 53.67728 70.11942 55.60865 53.65016 70.11942 55.60865 53.67728 70.11945 55.60866 53.67726 70.11944 55.79266 
101.8293 17.56306 35.23412 53.97813 70.5124 55.92031 53.95099 70.5124 55.92031 53.97811 70.51244 55.92031 53.9781 70.51242 56.10432 
101.8464 17.62741 35.36322 54.1759 70.77076 56.12519 54.14876 70.77075 56.12521 54.17589 70.77078 56.12521 54.17588 70.77078 56.30921 
101.8721 17.72412 35.55724 54.47314 71.15906 56.43314 54.44601 71.15905 56.43314 54.47313 71.15907 56.43314 54.47312 71.15907 56.61715 
101.8889 17.78749 35.68437 54.66791 71.4135 56.63492 54.64078 71.41349 56.63492 54.6679 71.41352 56.63492 54.66789 71.41351 56.81893 
101.9057 17.85075 35.81128 54.86235 71.66749 56.83635 54.83521 71.66748 56.83635 54.86233 71.66752 56.83635 54.86232 71.66751 57.02036 
101.9306 17.94479 35.99995 55.15141 72.04511 57.1358 55.12427 72.0451 57.13581 55.15138 72.04512 57.13581 55.15138 72.04512 57.31982 
101.9471 18.00691 36.12458 55.34235 72.29457 57.33363 55.31521 72.29456 57.33363 55.34233 72.29458 57.33363 55.34233 72.29458 57.51764 
101.9635 18.06857 36.24829 55.53188 72.54218 57.52999 55.50475 72.54217 57.52999 55.53187 72.5422 57.52999 55.53187 72.54218 57.71399 
101.9906 18.17083 36.45344 55.84621 72.95281 57.85562 55.81907 72.9528 57.85563 55.84618 72.95283 57.85563 55.84618 72.95283 58.03962 
102.0066 18.23107 36.57428 56.03136 73.19473 58.04744 56.00422 73.1947 58.04744 56.03135 73.19473 58.04744 56.03134 73.19473 58.23144 
102.0305 18.32106 36.75484 56.30801 73.55617 58.33405 56.28088 73.55614 58.33406 56.30799 73.55617 58.33405 56.30799 73.55618 58.51805 
102.0461 18.38008 36.87325 56.48943 73.79317 58.52199 56.46229 73.79317 58.522 56.4894 73.7932 58.52199 56.48941 73.79318 58.706 
102.0696 18.46848 37.05062 56.76119 74.14824 58.80354 56.73406 74.14823 58.80355 56.76118 74.14826 58.80355 56.76118 74.14825 58.98756 
102.0849 18.52632 37.16666 56.93898 74.38054 58.98774 56.91185 74.38053 58.98775 56.93897 74.38055 58.98774 56.93897 74.38055 59.17175 
102.1002 18.58368 37.28173 57.11531 74.6109 59.1704 57.08817 74.61089 59.17041 57.11529 74.61092 59.17041 57.11529 74.61091 59.3544 
102.1227 18.66878 37.45248 57.37693 74.95273 59.44145 57.34979 74.95271 59.44146 57.37691 74.95274 59.44145 57.37691 74.95274 59.62545 
102.1376 18.72497 37.56521 57.54966 75.17841 59.6204 57.52253 75.17839 59.6204 57.54964 75.17842 59.6204 57.54964 75.17841 59.8044 
102.1599 18.80872 37.73325 57.80714 75.51482 59.88715 57.78001 75.5148 59.88715 57.80711 75.51483 59.88715 57.80712 75.51482 60.07115 
102.1744 18.86343 37.84301 57.97531 75.73455 60.06138 57.94818 75.73454 60.06139 57.9753 75.73455 60.06138 57.9753 75.73454 60.24538 
102.1958 18.9441 38.00486 58.2233 76.05857 60.31829 58.19617 76.05855 60.3183 58.22329 76.05856 60.31829 58.22329 76.05856 60.50229 
102.21 18.99762 38.11225 58.38784 76.27355 60.48877 58.36072 76.27354 60.48878 58.38783 76.27356 60.48877 58.38784 76.27356 60.67277 
102.231 19.07689 38.27129 58.63153 76.59193 60.74121 58.6044 76.59193 60.74122 58.63152 76.59194 60.74122 58.63152 76.59193 60.92523 
102.2448 19.12905 38.37593 58.79187 76.80141 60.90733 58.76474 76.8014 60.90733 58.79185 76.80142 60.90733 58.79186 76.80141 61.09133 
102.2585 19.18065 38.47946 58.95049 77.00865 61.07165 58.92335 77.00864 61.07167 58.95047 77.00866 61.07165 58.95048 77.00866 61.25566 
102.2788 19.25699 38.63264 59.18517 77.31528 61.3148 59.15805 77.31527 61.31481 59.18517 77.31528 61.3148 59.18517 77.31528 61.49881 
102.2921 19.30718 38.73333 59.33945 77.51684 61.47463 59.31233 77.51684 61.47463 59.33945 77.51685 61.47463 59.33945 77.51684 61.65864 
102.3118 19.38139 38.88221 59.56755 77.81483 61.71095 59.54043 77.81483 61.71095 59.56755 77.81483 61.71095 59.56755 77.81484 61.89496 
102.3248 19.43024 38.98021 59.71769 78.01099 61.86649 59.69057 78.01098 61.86649 59.71769 78.01099 61.86648 59.7177 78.01099 62.0505 
102.3439 19.50224 39.12466 59.939 78.30008 62.09575 59.91187 78.30008 62.09575 59.939 78.30008 62.09575 59.939 78.30009 62.27978 
102.3564 19.5496 39.21967 60.08453 78.4902 62.24652 60.05741 78.4902 62.24652 60.08453 78.49019 62.24653 60.08454 78.4902 62.43055 
102.3688 19.59612 39.31301 60.22752 78.67699 62.39466 60.2004 78.67699 62.39465 60.22752 78.67699 62.39466 60.22752 78.67699 62.57868 
102.387 19.66501 39.45122 60.43925 78.95357 62.61401 60.41214 78.95358 62.61401 60.43926 78.95357 62.61401 60.43926 78.95358 62.79803 
102.399 19.71018 39.54183 60.57807 79.13491 62.75782 60.55095 79.13491 62.75781 60.57808 79.1349 62.75782 60.57808 79.13491 62.94184 
102.4167 19.77678 39.67545 60.78276 79.40228 62.96988 60.75564 79.40231 62.96986 60.78277 79.40228 62.96988 60.78277 79.40228 63.1539 
102.4283 19.82041 39.76297 60.91684 79.57742 63.10877 60.88972 79.57744 63.10877 60.91685 79.57742 63.10878 60.91684 79.57742 63.2928 
102.4454 19.88496 39.89246 61.1152 79.83653 63.31427 61.08808 79.83656 63.31425 61.11521 79.83652 63.31428 61.1152 79.83653 63.4983 
102.4565 19.92673 39.97626 61.24358 80.00423 63.44729 61.21648 80.00426 63.44728 61.2436 80.00423 63.44728 61.2436 80.00424 63.63131 
102.4729 19.98862 40.10042 61.43378 80.25268 63.64431 61.40667 80.2527 63.6443 61.43379 80.25268 63.64432 61.4338 80.25268 63.82835 
102.4836 20.02907 40.18158 61.5581 80.41507 63.77311 61.53099 80.4151 63.7731 61.55811 80.41506 63.77311 61.55811 80.41508 63.95714 
102.4943 20.0691 40.26185 61.68108 80.5757 63.90051 61.65397 80.57572 63.9005 61.68108 80.57569 63.90052 61.68108 80.5757 64.08453 
102.5097 20.12736 40.37876 61.86016 80.80963 64.08604 61.83304 80.80965 64.08601 61.86017 80.80962 64.08604 61.86015 80.80963 64.27007 
102.5198 20.16553 40.45531 61.97743 80.96282 64.20753 61.95033 80.96284 64.20751 61.97744 80.9628 64.20754 61.97744 80.96281 64.39156 
102.5347 20.22153 40.56765 62.14951 81.18759 64.3858 62.12241 81.18762 64.38578 62.14952 81.18759 64.38582 62.14952 81.18759 64.56984 
102.5444 20.25801 40.64084 62.26165 81.33407 64.50198 62.23455 81.3341 64.50196 62.26166 81.33406 64.50198 62.26165 81.33407 64.68602 
102.5586 20.31147 40.7481 62.42595 81.54868 64.67219 62.39885 81.54872 64.67217 62.42596 81.54868 64.6722 62.42596 81.54868 64.85622 
102.5678 20.34636 40.81808 62.53316 81.68873 64.78326 62.50606 81.68877 64.78324 62.53318 81.68872 64.78326 62.53317 81.68872 64.96729 
102.5813 20.39715 40.91996 62.68925 81.89261 64.94495 62.66215 81.89265 64.94493 62.68926 81.89259 64.94496 62.68924 81.89259 65.12899 
102.5901 20.43031 40.9865 62.79117 82.02576 65.05056 62.76408 82.02579 65.05054 62.79119 82.02575 65.05057 62.79117 82.02575 65.23458 
102.5986 20.46255 41.05117 62.89024 82.15519 65.15321 62.86316 82.15522 65.15318 62.89027 82.15517 65.15321 62.89024 82.15517 65.33723 
102.6112 20.50976 41.14588 63.03532 82.3447 65.3035 63.00824 82.34473 65.30347 63.03534 82.34468 65.3035 63.03532 82.34468 65.48754 
102.6193 20.54034 41.20723 63.12931 82.46745 65.40086 63.10221 82.46751 65.40083 63.12932 82.46745 65.40086 63.1293 82.46744 65.5849 
102.6311 20.58486 41.29654 63.26613 82.64619 65.5426 63.23904 82.64623 65.54258 63.26614 82.64619 65.54262 63.26613 82.64618 65.72665 
102.6387 20.61365 41.3543 63.35462 82.7618 65.63428 63.32754 82.76183 65.63426 63.35464 82.76178 65.63429 63.35462 82.76177 65.81833 
102.6499 20.65571 41.43867 63.48388 82.93065 65.7682 63.45679 82.93069 65.76817 63.4839 82.93063 65.7682 63.48388 82.93063 65.95223 
102.6571 20.68266 41.49275 63.56673 83.03887 65.85403 63.53965 83.03891 65.854 63.56674 83.03885 65.85403 63.56673 83.03885 66.03806 
102.664 20.7088 41.54517 63.64705 83.14378 65.93723 63.61995 83.14383 65.9372 63.64706 83.14378 65.93724 63.64704 83.14376 66.12126 
102.674 20.74647 41.62074 63.76282 83.29504 66.05717 63.73573 83.29507 66.05717 63.76284 83.29503 66.05718 63.76282 83.29502 66.24122 
102.6805 20.77111 41.67018 63.83857 83.39399 66.13565 63.81149 83.39404 66.13562 63.83858 83.39397 66.13566 63.83855 83.39397 66.31968 
102.6897 20.80585 41.73988 63.94535 83.53351 66.2463 63.91827 83.53355 66.24626 63.94537 83.53349 66.24629 63.94535 83.53348 66.43031 
102.6957 20.82827 41.78485 64.01427 83.62353 66.31768 63.98718 83.62358 66.31765 64.01428 83.62352 66.31768 64.01426 83.62351 66.5017 
102.7042 20.86045 41.84942 64.11319 83.75277 66.42015 64.08611 83.75281 66.42013 64.1132 83.75275 66.42016 64.11317 83.75274 66.60418 
102.7097 20.88093 41.89051 64.17615 83.83503 66.48539 64.14907 83.83507 66.48535 64.17616 83.83502 66.4854 64.17614 83.835 66.66942 
102.7175 20.91044 41.9497 64.26685 83.95351 66.57934 64.23975 83.95356 66.57932 64.26685 83.95351 66.57935 64.26683 83.95348 66.76338 
102.7224 20.92871 41.98636 64.323 84.02689 66.63753 64.29592 84.02693 66.6375 64.32301 84.02688 66.63754 64.32298 84.02688 66.82155 
102.7271 20.94655 42.02216 64.37786 84.09856 66.69436 64.35077 84.09859 66.69433 64.37786 84.09855 66.69435 64.37784 84.09853 66.87838 
102.7338 20.9718 42.07281 64.45547 84.19995 66.77476 64.42838 84.19998 66.77473 64.45547 84.19995 66.77477 64.45545 84.19993 66.95878 
102.7379 20.98723 42.10378 64.50293 84.26197 66.82391 64.47582 84.26199 66.82389 64.50293 84.26195 66.82392 64.50291 84.26193 67.00796 
102.7438 21.00929 42.14803 64.57072 84.35054 66.89416 64.54362 84.35059 66.89414 64.57072 84.35054 66.89416 64.57069 84.35052 67.07818 
102.7474 21.02311 42.17576 64.61321 84.40606 66.93817 64.58612 84.4061 66.93815 64.61322 84.40606 66.93819 64.6132 84.40604 67.1222 
102.7524 21.04194 42.21355 64.67111 84.48172 66.99816 64.64402 84.48176 66.99813 64.67112 84.48171 66.99817 64.6711 84.4817 67.18218 
102.7555 21.05356 42.23685 64.70683 84.52837 67.03515 64.67973 84.5284 67.03513 64.70683 84.52837 67.03515 64.7068 84.52835 67.21918 
102.7584 21.06434 42.25848 64.73995 84.57168 67.06948 64.71287 84.5717 67.06946 64.73996 84.57166 67.06949 64.73995 84.57166 67.2535 
102.7622 21.07893 42.28776 64.78484 84.63031 67.11597 64.75773 84.63033 67.11595 64.78483 84.6303 67.11596 64.78481 84.63029 67.3 
